# filename x y z point
2F_day(1).jpg 0.0 0.0 2 1
2F_day(2).jpg 0.0 0.0 2 1
2F_day(3).jpg 0.0 0.0 2 1
2F_day(4).jpg 0.0 0.0 2 1
2F_day(5).jpg 0.0 0.0 2 1
2F_day(6).jpg 0.0 0.0 2 1
2F_day(7).jpg 0.0 0.0 2 1
2F_day(8).jpg 0.0 0.0 2 1
2F_day(9).jpg 0.0 0.0 2 1
2F_day(10).jpg 0.0 0.0 2 1
2F_day(11).jpg 0.0 0.0 2 1
2F_day(12).jpg 0.0 0.0 2 1
2F_day(13).jpg 0.0 0.0 2 1
2F_day(14).jpg 0.0 0.0 2 1
2F_day(15).jpg 0.0 0.0 2 1
2F_day(16).jpg 0.0 0.0 2 1
2F_day(17).jpg 0.0 0.0 2 1
2F_day(18).jpg 0.0 0.0 2 1
2F_day(19).jpg 0.0 0.0 2 1
2F_day(20).jpg 0.0 0.0 2 1
2F_day(21).jpg 0.0 10.8 2 2
2F_day(22).jpg 0.0 10.8 2 2
2F_day(23).jpg 0.0 10.8 2 2
2F_day(24).jpg 0.0 10.8 2 2
2F_day(25).jpg 0.0 10.8 2 2
2F_day(26).jpg 0.0 10.8 2 2
2F_day(27).jpg 0.0 10.8 2 2
2F_day(28).jpg 0.0 10.8 2 2
2F_day(29).jpg 0.0 10.8 2 2
2F_day(30).jpg 0.0 10.8 2 2
2F_day(31).jpg 0.0 10.8 2 2
2F_day(32).jpg 0.0 10.8 2 2
2F_day(33).jpg 0.0 10.8 2 2
2F_day(34).jpg 0.0 10.8 2 2
2F_day(35).jpg 0.0 10.8 2 2
2F_day(36).jpg 0.0 10.8 2 2
2F_day(37).jpg 0.0 10.8 2 2
2F_day(38).jpg 0.0 10.8 2 2
2F_day(39).jpg 0.0 10.8 2 2
2F_day(40).jpg 0.0 10.8 2 2
2F_day(41).jpg 0.0 23.94 2 3
2F_day(42).jpg 0.0 23.94 2 3
2F_day(43).jpg 0.0 23.94 2 3
2F_day(44).jpg 0.0 23.94 2 3
2F_day(45).jpg 0.0 23.94 2 3
2F_day(46).jpg 0.0 23.94 2 3
2F_day(47).jpg 0.0 23.94 2 3
2F_day(48).jpg 0.0 23.94 2 3
2F_day(49).jpg 0.0 23.94 2 3
2F_day(50).jpg 0.0 23.94 2 3
2F_day(51).jpg 0.0 23.94 2 3
2F_day(52).jpg 0.0 23.94 2 3
2F_day(53).jpg 0.0 23.94 2 3
2F_day(54).jpg 0.0 23.94 2 3
2F_day(55).jpg 0.0 23.94 2 3
2F_day(56).jpg 0.0 23.94 2 3
2F_day(57).jpg 0.0 23.94 2 3
2F_day(58).jpg 0.0 23.94 2 3
2F_day(59).jpg 0.0 23.94 2 3
2F_day(60).jpg 0.0 23.94 2 3
2F_day(61).jpg 0.0 27.54 2 4
2F_day(62).jpg 0.0 27.54 2 4
2F_day(63).jpg 0.0 27.54 2 4
2F_day(64).jpg 0.0 27.54 2 4
2F_day(65).jpg 0.0 27.54 2 4
2F_day(66).jpg 0.0 27.54 2 4
2F_day(67).jpg 0.0 27.54 2 4
2F_day(68).jpg 0.0 27.54 2 4
2F_day(69).jpg 0.0 27.54 2 4
2F_day(70).jpg 0.0 27.54 2 4
2F_day(71).jpg 0.0 27.54 2 4
2F_day(72).jpg 0.0 27.54 2 4
2F_day(73).jpg 0.0 27.54 2 4
2F_day(74).jpg 0.0 27.54 2 4
2F_day(75).jpg 0.0 27.54 2 4
2F_day(76).jpg 0.0 27.54 2 4
2F_day(77).jpg 0.0 27.54 2 4
2F_day(78).jpg 0.0 27.54 2 4
2F_day(79).jpg 0.0 27.54 2 4
2F_day(80).jpg 0.0 27.54 2 4
2F_day(81).jpg 0.0 31.14 2 5
2F_day(82).jpg 0.0 31.14 2 5
2F_day(83).jpg 0.0 31.14 2 5
2F_day(84).jpg 0.0 31.14 2 5
2F_day(85).jpg 0.0 31.14 2 5
2F_day(86).jpg 0.0 31.14 2 5
2F_day(87).jpg 0.0 31.14 2 5
2F_day(88).jpg 0.0 31.14 2 5
2F_day(89).jpg 0.0 31.14 2 5
2F_day(90).jpg 0.0 31.14 2 5
2F_day(91).jpg 0.0 31.14 2 5
2F_day(92).jpg 0.0 31.14 2 5
2F_day(93).jpg 0.0 31.14 2 5
2F_day(94).jpg 0.0 31.14 2 5
2F_day(95).jpg 0.0 31.14 2 5
2F_day(96).jpg 0.0 31.14 2 5
2F_day(97).jpg 0.0 31.14 2 5
2F_day(98).jpg 0.0 31.14 2 5
2F_day(99).jpg 0.0 31.14 2 5
2F_day(100).jpg 0.0 31.14 2 5
2F_day(101).jpg 0.0 40.86 2 6
2F_day(102).jpg 0.0 40.86 2 6
2F_day(103).jpg 0.0 40.86 2 6
2F_day(104).jpg 0.0 40.86 2 6
2F_day(105).jpg 0.0 40.86 2 6
2F_day(106).jpg 0.0 40.86 2 6
2F_day(107).jpg 0.0 40.86 2 6
2F_day(108).jpg 0.0 40.86 2 6
2F_day(109).jpg 0.0 40.86 2 6
2F_day(110).jpg 0.0 40.86 2 6
2F_day(111).jpg 0.0 40.86 2 6
2F_day(112).jpg 0.0 40.86 2 6
2F_day(113).jpg 0.0 40.86 2 6
2F_day(114).jpg 0.0 40.86 2 6
2F_day(115).jpg 0.0 40.86 2 6
2F_day(116).jpg 0.0 40.86 2 6
2F_day(117).jpg 0.0 40.86 2 6
2F_day(118).jpg 0.0 40.86 2 6
2F_day(119).jpg 0.0 40.86 2 6
2F_day(120).jpg 0.0 40.86 2 6
2F_day(121).jpg 0.0 50.58 2 7
2F_day(122).jpg 0.0 50.58 2 7
2F_day(123).jpg 0.0 50.58 2 7
2F_day(124).jpg 0.0 50.58 2 7
2F_day(125).jpg 0.0 50.58 2 7
2F_day(126).jpg 0.0 50.58 2 7
2F_day(127).jpg 0.0 50.58 2 7
2F_day(128).jpg 0.0 50.58 2 7
2F_day(129).jpg 0.0 50.58 2 7
2F_day(130).jpg 0.0 50.58 2 7
2F_day(131).jpg 0.0 50.58 2 7
2F_day(132).jpg 0.0 50.58 2 7
2F_day(133).jpg 0.0 50.58 2 7
2F_day(134).jpg 0.0 50.58 2 7
2F_day(135).jpg 0.0 50.58 2 7
2F_day(136).jpg 0.0 50.58 2 7
2F_day(137).jpg 0.0 50.58 2 7
2F_day(138).jpg 0.0 50.58 2 7
2F_day(139).jpg 0.0 50.58 2 7
2F_day(140).jpg 0.0 50.58 2 7
2F_day(141).jpg 1.8 32.94 2 8
2F_day(142).jpg 1.8 32.94 2 8
2F_day(143).jpg 1.8 32.94 2 8
2F_day(144).jpg 1.8 32.94 2 8
2F_day(145).jpg 1.8 32.94 2 8
2F_day(146).jpg 1.8 32.94 2 8
2F_day(147).jpg 1.8 32.94 2 8
2F_day(148).jpg 1.8 32.94 2 8
2F_day(149).jpg 1.8 32.94 2 8
2F_day(150).jpg 1.8 32.94 2 8
2F_day(151).jpg 1.8 32.94 2 8
2F_day(152).jpg 1.8 32.94 2 8
2F_day(153).jpg 1.8 32.94 2 8
2F_day(154).jpg 1.8 32.94 2 8
2F_day(155).jpg 1.8 32.94 2 8
2F_day(156).jpg 1.8 32.94 2 8
2F_day(157).jpg 1.8 32.94 2 8
2F_day(158).jpg 1.8 32.94 2 8
2F_day(159).jpg 1.8 32.94 2 8
2F_day(160).jpg 1.8 32.94 2 8
2F_day(161).jpg 10.44 32.94 2 9
2F_day(162).jpg 10.44 32.94 2 9
2F_day(163).jpg 10.44 32.94 2 9
2F_day(164).jpg 10.44 32.94 2 9
2F_day(165).jpg 10.44 32.94 2 9
2F_day(166).jpg 10.44 32.94 2 9
2F_day(167).jpg 10.44 32.94 2 9
2F_day(168).jpg 10.44 32.94 2 9
2F_day(169).jpg 10.44 32.94 2 9
2F_day(170).jpg 10.44 32.94 2 9
2F_day(171).jpg 10.44 32.94 2 9
2F_day(172).jpg 10.44 32.94 2 9
2F_day(173).jpg 10.44 32.94 2 9
2F_day(174).jpg 10.44 32.94 2 9
2F_day(175).jpg 10.44 32.94 2 9
2F_day(176).jpg 10.44 32.94 2 9
2F_day(177).jpg 10.44 32.94 2 9
2F_day(178).jpg 10.44 32.94 2 9
2F_day(179).jpg 10.44 32.94 2 9
2F_day(180).jpg 10.44 32.94 2 9
2F_day(181).jpg 15.84 34.38 2 10
2F_day(182).jpg 15.84 34.38 2 10
2F_day(183).jpg 15.84 34.38 2 10
2F_day(184).jpg 15.84 34.38 2 10
2F_day(185).jpg 15.84 34.38 2 10
2F_day(186).jpg 15.84 34.38 2 10
2F_day(187).jpg 15.84 34.38 2 10
2F_day(188).jpg 15.84 34.38 2 10
2F_day(189).jpg 15.84 34.38 2 10
2F_day(190).jpg 15.84 34.38 2 10
2F_day(191).jpg 15.84 34.38 2 10
2F_day(192).jpg 15.84 34.38 2 10
2F_day(193).jpg 15.84 34.38 2 10
2F_day(194).jpg 15.84 34.38 2 10
2F_day(195).jpg 15.84 34.38 2 10
2F_day(196).jpg 15.84 34.38 2 10
2F_day(197).jpg 15.84 34.38 2 10
2F_day(198).jpg 15.84 34.38 2 10
2F_day(199).jpg 15.84 34.38 2 10
2F_day(200).jpg 15.84 34.38 2 10
2F_day(201).jpg 26.28 15.84 2 11
2F_day(202).jpg 26.28 15.84 2 11
2F_day(203).jpg 26.28 15.84 2 11
2F_day(204).jpg 26.28 15.84 2 11
2F_day(205).jpg 26.28 15.84 2 11
2F_day(206).jpg 26.28 15.84 2 11
2F_day(207).jpg 26.28 15.84 2 11
2F_day(208).jpg 26.28 15.84 2 11
2F_day(209).jpg 26.28 15.84 2 11
2F_day(210).jpg 26.28 15.84 2 11
2F_day(211).jpg 26.28 15.84 2 11
2F_day(212).jpg 26.28 15.84 2 11
2F_day(213).jpg 26.28 15.84 2 11
2F_day(214).jpg 26.28 15.84 2 11
2F_day(215).jpg 26.28 15.84 2 11
2F_day(216).jpg 26.28 15.84 2 11
2F_day(217).jpg 26.28 15.84 2 11
2F_day(218).jpg 26.28 15.84 2 11
2F_day(219).jpg 26.28 15.84 2 11
2F_day(220).jpg 26.28 15.84 2 11
2F_day(221).jpg 34.2 23.4 2 12
2F_day(222).jpg 34.2 23.4 2 12
2F_day(223).jpg 34.2 23.4 2 12
2F_day(224).jpg 34.2 23.4 2 12
2F_day(225).jpg 34.2 23.4 2 12
2F_day(226).jpg 34.2 23.4 2 12
2F_day(227).jpg 34.2 23.4 2 12
2F_day(228).jpg 34.2 23.4 2 12
2F_day(229).jpg 34.2 23.4 2 12
2F_day(230).jpg 34.2 23.4 2 12
2F_day(231).jpg 34.2 23.4 2 12
2F_day(232).jpg 34.2 23.4 2 12
2F_day(233).jpg 34.2 23.4 2 12
2F_day(234).jpg 34.2 23.4 2 12
2F_day(235).jpg 34.2 23.4 2 12
2F_day(236).jpg 34.2 23.4 2 12
2F_day(237).jpg 34.2 23.4 2 12
2F_day(238).jpg 34.2 23.4 2 12
2F_day(239).jpg 34.2 23.4 2 12
2F_day(240).jpg 34.2 23.4 2 12
2F_day(241).jpg 33.12 30.6 2 13
2F_day(242).jpg 33.12 30.6 2 13
2F_day(243).jpg 33.12 30.6 2 13
2F_day(244).jpg 33.12 30.6 2 13
2F_day(245).jpg 33.12 30.6 2 13
2F_day(246).jpg 33.12 30.6 2 13
2F_day(247).jpg 33.12 30.6 2 13
2F_day(248).jpg 33.12 30.6 2 13
2F_day(249).jpg 33.12 30.6 2 13
2F_day(250).jpg 33.12 30.6 2 13
2F_day(251).jpg 33.12 30.6 2 13
2F_day(252).jpg 33.12 30.6 2 13
2F_day(253).jpg 33.12 30.6 2 13
2F_day(254).jpg 33.12 30.6 2 13
2F_day(255).jpg 33.12 30.6 2 13
2F_day(256).jpg 33.12 30.6 2 13
2F_day(257).jpg 33.12 30.6 2 13
2F_day(258).jpg 33.12 30.6 2 13
2F_day(259).jpg 33.12 30.6 2 13
2F_day(260).jpg 33.12 30.6 2 13
2F_day(261).jpg 31.68 34.92 2 14
2F_day(262).jpg 31.68 34.92 2 14
2F_day(263).jpg 31.68 34.92 2 14
2F_day(264).jpg 31.68 34.92 2 14
2F_day(265).jpg 31.68 34.92 2 14
2F_day(266).jpg 31.68 34.92 2 14
2F_day(267).jpg 31.68 34.92 2 14
2F_day(268).jpg 31.68 34.92 2 14
2F_day(269).jpg 31.68 34.92 2 14
2F_day(270).jpg 31.68 34.92 2 14
2F_day(271).jpg 31.68 34.92 2 14
2F_day(272).jpg 31.68 34.92 2 14
2F_day(273).jpg 31.68 34.92 2 14
2F_day(274).jpg 31.68 34.92 2 14
2F_day(275).jpg 31.68 34.92 2 14
2F_day(276).jpg 31.68 34.92 2 14
2F_day(277).jpg 31.68 34.92 2 14
2F_day(278).jpg 31.68 34.92 2 14
2F_day(279).jpg 31.68 34.92 2 14
2F_day(280).jpg 31.68 34.92 2 14
2F_day(281).jpg 30.6 40.32 2 15
2F_day(282).jpg 30.6 40.32 2 15
2F_day(283).jpg 30.6 40.32 2 15
2F_day(284).jpg 30.6 40.32 2 15
2F_day(285).jpg 30.6 40.32 2 15
2F_day(286).jpg 30.6 40.32 2 15
2F_day(287).jpg 30.6 40.32 2 15
2F_day(288).jpg 30.6 40.32 2 15
2F_day(289).jpg 30.6 40.32 2 15
2F_day(290).jpg 30.6 40.32 2 15
2F_day(291).jpg 30.6 40.32 2 15
2F_day(292).jpg 30.6 40.32 2 15
2F_day(293).jpg 30.6 40.32 2 15
2F_day(294).jpg 30.6 40.32 2 15
2F_day(295).jpg 30.6 40.32 2 15
2F_day(296).jpg 30.6 40.32 2 15
2F_day(297).jpg 30.6 40.32 2 15
2F_day(298).jpg 30.6 40.32 2 15
2F_day(299).jpg 30.6 40.32 2 15
2F_day(300).jpg 30.6 40.32 2 15
2F_day(301).jpg 29.52 47.88 2 16
2F_day(302).jpg 29.52 47.88 2 16
2F_day(303).jpg 29.52 47.88 2 16
2F_day(304).jpg 29.52 47.88 2 16
2F_day(305).jpg 29.52 47.88 2 16
2F_day(306).jpg 29.52 47.88 2 16
2F_day(307).jpg 29.52 47.88 2 16
2F_day(308).jpg 29.52 47.88 2 16
2F_day(309).jpg 29.52 47.88 2 16
2F_day(310).jpg 29.52 47.88 2 16
2F_day(311).jpg 29.52 47.88 2 16
2F_day(312).jpg 29.52 47.88 2 16
2F_day(313).jpg 29.52 47.88 2 16
2F_day(314).jpg 29.52 47.88 2 16
2F_day(315).jpg 29.52 47.88 2 16
2F_day(316).jpg 29.52 47.88 2 16
2F_day(317).jpg 29.52 47.88 2 16
2F_day(318).jpg 29.52 47.88 2 16
2F_day(319).jpg 29.52 47.88 2 16
2F_day(320).jpg 29.52 47.88 2 16
2F_day(321).jpg 28.08 55.8 2 17
2F_day(322).jpg 28.08 55.8 2 17
2F_day(323).jpg 28.08 55.8 2 17
2F_day(324).jpg 28.08 55.8 2 17
2F_day(325).jpg 28.08 55.8 2 17
2F_day(326).jpg 28.08 55.8 2 17
2F_day(327).jpg 28.08 55.8 2 17
2F_day(328).jpg 28.08 55.8 2 17
2F_day(329).jpg 28.08 55.8 2 17
2F_day(330).jpg 28.08 55.8 2 17
2F_day(331).jpg 28.08 55.8 2 17
2F_day(332).jpg 28.08 55.8 2 17
2F_day(333).jpg 28.08 55.8 2 17
2F_day(334).jpg 28.08 55.8 2 17
2F_day(335).jpg 28.08 55.8 2 17
2F_day(336).jpg 28.08 55.8 2 17
2F_day(337).jpg 28.08 55.8 2 17
2F_day(338).jpg 28.08 55.8 2 17
2F_day(339).jpg 28.08 55.8 2 17
2F_day(340).jpg 28.08 55.8 2 17
2F_day(341).jpg 26.64 64.44 2 18
2F_day(342).jpg 26.64 64.44 2 18
2F_day(343).jpg 26.64 64.44 2 18
2F_day(344).jpg 26.64 64.44 2 18
2F_day(345).jpg 26.64 64.44 2 18
2F_day(346).jpg 26.64 64.44 2 18
2F_day(347).jpg 26.64 64.44 2 18
2F_day(348).jpg 26.64 64.44 2 18
2F_day(349).jpg 26.64 64.44 2 18
2F_day(350).jpg 26.64 64.44 2 18
2F_day(351).jpg 26.64 64.44 2 18
2F_day(352).jpg 26.64 64.44 2 18
2F_day(353).jpg 26.64 64.44 2 18
2F_day(354).jpg 26.64 64.44 2 18
2F_day(355).jpg 26.64 64.44 2 18
2F_day(356).jpg 26.64 64.44 2 18
2F_day(357).jpg 26.64 64.44 2 18
2F_day(358).jpg 26.64 64.44 2 18
2F_day(359).jpg 26.64 64.44 2 18
2F_day(360).jpg 26.64 64.44 2 18
3F_day(1).jpg 0.0 0.0 3 1
3F_day(2).jpg 0.0 0.0 3 1
3F_day(3).jpg 0.0 0.0 3 1
3F_day(4).jpg 0.0 0.0 3 1
3F_day(5).jpg 0.0 0.0 3 1
3F_day(6).jpg 0.0 0.0 3 1
3F_day(7).jpg 0.0 0.0 3 1
3F_day(8).jpg 0.0 0.0 3 1
3F_day(9).jpg 0.0 0.0 3 1
3F_day(10).jpg 0.0 0.0 3 1
3F_day(11).jpg 0.0 0.0 3 1
3F_day(12).jpg 0.0 0.0 3 1
3F_day(13).jpg 0.0 0.0 3 1
3F_day(14).jpg 0.0 0.0 3 1
3F_day(15).jpg 0.0 0.0 3 1
3F_day(16).jpg 0.0 0.0 3 1
3F_day(17).jpg 0.0 0.0 3 1
3F_day(18).jpg 0.0 0.0 3 1
3F_day(19).jpg 0.0 0.0 3 1
3F_day(20).jpg 0.0 0.0 3 1
3F_day(21).jpg 0.0 10.8 3 2
3F_day(22).jpg 0.0 10.8 3 2
3F_day(23).jpg 0.0 10.8 3 2
3F_day(24).jpg 0.0 10.8 3 2
3F_day(25).jpg 0.0 10.8 3 2
3F_day(26).jpg 0.0 10.8 3 2
3F_day(27).jpg 0.0 10.8 3 2
3F_day(28).jpg 0.0 10.8 3 2
3F_day(29).jpg 0.0 10.8 3 2
3F_day(30).jpg 0.0 10.8 3 2
3F_day(31).jpg 0.0 10.8 3 2
3F_day(32).jpg 0.0 10.8 3 2
3F_day(33).jpg 0.0 10.8 3 2
3F_day(34).jpg 0.0 10.8 3 2
3F_day(35).jpg 0.0 10.8 3 2
3F_day(36).jpg 0.0 10.8 3 2
3F_day(37).jpg 0.0 10.8 3 2
3F_day(38).jpg 0.0 10.8 3 2
3F_day(39).jpg 0.0 10.8 3 2
3F_day(40).jpg 0.0 10.8 3 2
3F_day(41).jpg 0.0 23.94 3 3
3F_day(42).jpg 0.0 23.94 3 3
3F_day(43).jpg 0.0 23.94 3 3
3F_day(44).jpg 0.0 23.94 3 3
3F_day(45).jpg 0.0 23.94 3 3
3F_day(46).jpg 0.0 23.94 3 3
3F_day(47).jpg 0.0 23.94 3 3
3F_day(48).jpg 0.0 23.94 3 3
3F_day(49).jpg 0.0 23.94 3 3
3F_day(50).jpg 0.0 23.94 3 3
3F_day(51).jpg 0.0 23.94 3 3
3F_day(52).jpg 0.0 23.94 3 3
3F_day(53).jpg 0.0 23.94 3 3
3F_day(54).jpg 0.0 23.94 3 3
3F_day(55).jpg 0.0 23.94 3 3
3F_day(56).jpg 0.0 23.94 3 3
3F_day(57).jpg 0.0 23.94 3 3
3F_day(58).jpg 0.0 23.94 3 3
3F_day(59).jpg 0.0 23.94 3 3
3F_day(60).jpg 0.0 23.94 3 3
3F_day(61).jpg 0.0 27.54 3 4
3F_day(62).jpg 0.0 27.54 3 4
3F_day(63).jpg 0.0 27.54 3 4
3F_day(64).jpg 0.0 27.54 3 4
3F_day(65).jpg 0.0 27.54 3 4
3F_day(66).jpg 0.0 27.54 3 4
3F_day(67).jpg 0.0 27.54 3 4
3F_day(68).jpg 0.0 27.54 3 4
3F_day(69).jpg 0.0 27.54 3 4
3F_day(70).jpg 0.0 27.54 3 4
3F_day(71).jpg 0.0 27.54 3 4
3F_day(72).jpg 0.0 27.54 3 4
3F_day(73).jpg 0.0 27.54 3 4
3F_day(74).jpg 0.0 27.54 3 4
3F_day(75).jpg 0.0 27.54 3 4
3F_day(76).jpg 0.0 27.54 3 4
3F_day(77).jpg 0.0 27.54 3 4
3F_day(78).jpg 0.0 27.54 3 4
3F_day(79).jpg 0.0 27.54 3 4
3F_day(80).jpg 0.0 27.54 3 4
3F_day(81).jpg 0.0 31.14 3 5
3F_day(82).jpg 0.0 31.14 3 5
3F_day(83).jpg 0.0 31.14 3 5
3F_day(84).jpg 0.0 31.14 3 5
3F_day(85).jpg 0.0 31.14 3 5
3F_day(86).jpg 0.0 31.14 3 5
3F_day(87).jpg 0.0 31.14 3 5
3F_day(88).jpg 0.0 31.14 3 5
3F_day(89).jpg 0.0 31.14 3 5
3F_day(90).jpg 0.0 31.14 3 5
3F_day(91).jpg 0.0 31.14 3 5
3F_day(92).jpg 0.0 31.14 3 5
3F_day(93).jpg 0.0 31.14 3 5
3F_day(94).jpg 0.0 31.14 3 5
3F_day(95).jpg 0.0 31.14 3 5
3F_day(96).jpg 0.0 31.14 3 5
3F_day(97).jpg 0.0 31.14 3 5
3F_day(98).jpg 0.0 31.14 3 5
3F_day(99).jpg 0.0 31.14 3 5
3F_day(100).jpg 0.0 31.14 3 5
3F_day(101).jpg 0.0 40.86 3 6
3F_day(102).jpg 0.0 40.86 3 6
3F_day(103).jpg 0.0 40.86 3 6
3F_day(104).jpg 0.0 40.86 3 6
3F_day(105).jpg 0.0 40.86 3 6
3F_day(106).jpg 0.0 40.86 3 6
3F_day(107).jpg 0.0 40.86 3 6
3F_day(108).jpg 0.0 40.86 3 6
3F_day(109).jpg 0.0 40.86 3 6
3F_day(110).jpg 0.0 40.86 3 6
3F_day(111).jpg 0.0 40.86 3 6
3F_day(112).jpg 0.0 40.86 3 6
3F_day(113).jpg 0.0 40.86 3 6
3F_day(114).jpg 0.0 40.86 3 6
3F_day(115).jpg 0.0 40.86 3 6
3F_day(116).jpg 0.0 40.86 3 6
3F_day(117).jpg 0.0 40.86 3 6
3F_day(118).jpg 0.0 40.86 3 6
3F_day(119).jpg 0.0 40.86 3 6
3F_day(120).jpg 0.0 40.86 3 6
3F_day(121).jpg 0.0 50.58 3 7
3F_day(122).jpg 0.0 50.58 3 7
3F_day(123).jpg 0.0 50.58 3 7
3F_day(124).jpg 0.0 50.58 3 7
3F_day(125).jpg 0.0 50.58 3 7
3F_day(126).jpg 0.0 50.58 3 7
3F_day(127).jpg 0.0 50.58 3 7
3F_day(128).jpg 0.0 50.58 3 7
3F_day(129).jpg 0.0 50.58 3 7
3F_day(130).jpg 0.0 50.58 3 7
3F_day(131).jpg 0.0 50.58 3 7
3F_day(132).jpg 0.0 50.58 3 7
3F_day(133).jpg 0.0 50.58 3 7
3F_day(134).jpg 0.0 50.58 3 7
3F_day(135).jpg 0.0 50.58 3 7
3F_day(136).jpg 0.0 50.58 3 7
3F_day(137).jpg 0.0 50.58 3 7
3F_day(138).jpg 0.0 50.58 3 7
3F_day(139).jpg 0.0 50.58 3 7
3F_day(140).jpg 0.0 50.58 3 7
3F_day(141).jpg 1.8 32.94 3 8
3F_day(142).jpg 1.8 32.94 3 8
3F_day(143).jpg 1.8 32.94 3 8
3F_day(144).jpg 1.8 32.94 3 8
3F_day(145).jpg 1.8 32.94 3 8
3F_day(146).jpg 1.8 32.94 3 8
3F_day(147).jpg 1.8 32.94 3 8
3F_day(148).jpg 1.8 32.94 3 8
3F_day(149).jpg 1.8 32.94 3 8
3F_day(150).jpg 1.8 32.94 3 8
3F_day(151).jpg 1.8 32.94 3 8
3F_day(152).jpg 1.8 32.94 3 8
3F_day(153).jpg 1.8 32.94 3 8
3F_day(154).jpg 1.8 32.94 3 8
3F_day(155).jpg 1.8 32.94 3 8
3F_day(156).jpg 1.8 32.94 3 8
3F_day(157).jpg 1.8 32.94 3 8
3F_day(158).jpg 1.8 32.94 3 8
3F_day(159).jpg 1.8 32.94 3 8
3F_day(160).jpg 1.8 32.94 3 8
3F_day(161).jpg 10.44 32.94 3 9
3F_day(162).jpg 10.44 32.94 3 9
3F_day(163).jpg 10.44 32.94 3 9
3F_day(164).jpg 10.44 32.94 3 9
3F_day(165).jpg 10.44 32.94 3 9
3F_day(166).jpg 10.44 32.94 3 9
3F_day(167).jpg 10.44 32.94 3 9
3F_day(168).jpg 10.44 32.94 3 9
3F_day(169).jpg 10.44 32.94 3 9
3F_day(170).jpg 10.44 32.94 3 9
3F_day(171).jpg 10.44 32.94 3 9
3F_day(172).jpg 10.44 32.94 3 9
3F_day(173).jpg 10.44 32.94 3 9
3F_day(174).jpg 10.44 32.94 3 9
3F_day(175).jpg 10.44 32.94 3 9
3F_day(176).jpg 10.44 32.94 3 9
3F_day(177).jpg 10.44 32.94 3 9
3F_day(178).jpg 10.44 32.94 3 9
3F_day(179).jpg 10.44 32.94 3 9
3F_day(180).jpg 10.44 32.94 3 9
3F_day(181).jpg 15.84 34.38 3 10
3F_day(182).jpg 15.84 34.38 3 10
3F_day(183).jpg 15.84 34.38 3 10
3F_day(184).jpg 15.84 34.38 3 10
3F_day(185).jpg 15.84 34.38 3 10
3F_day(186).jpg 15.84 34.38 3 10
3F_day(187).jpg 15.84 34.38 3 10
3F_day(188).jpg 15.84 34.38 3 10
3F_day(189).jpg 15.84 34.38 3 10
3F_day(190).jpg 15.84 34.38 3 10
3F_day(191).jpg 15.84 34.38 3 10
3F_day(192).jpg 15.84 34.38 3 10
3F_day(193).jpg 15.84 34.38 3 10
3F_day(194).jpg 15.84 34.38 3 10
3F_day(195).jpg 15.84 34.38 3 10
3F_day(196).jpg 15.84 34.38 3 10
3F_day(197).jpg 15.84 34.38 3 10
3F_day(198).jpg 15.84 34.38 3 10
3F_day(199).jpg 15.84 34.38 3 10
3F_day(200).jpg 15.84 34.38 3 10
3F_day(201).jpg 26.28 15.84 3 11
3F_day(202).jpg 26.28 15.84 3 11
3F_day(203).jpg 26.28 15.84 3 11
3F_day(204).jpg 26.28 15.84 3 11
3F_day(205).jpg 26.28 15.84 3 11
3F_day(206).jpg 26.28 15.84 3 11
3F_day(207).jpg 26.28 15.84 3 11
3F_day(208).jpg 26.28 15.84 3 11
3F_day(209).jpg 26.28 15.84 3 11
3F_day(210).jpg 26.28 15.84 3 11
3F_day(211).jpg 26.28 15.84 3 11
3F_day(212).jpg 26.28 15.84 3 11
3F_day(213).jpg 26.28 15.84 3 11
3F_day(214).jpg 26.28 15.84 3 11
3F_day(215).jpg 26.28 15.84 3 11
3F_day(216).jpg 26.28 15.84 3 11
3F_day(217).jpg 26.28 15.84 3 11
3F_day(218).jpg 26.28 15.84 3 11
3F_day(219).jpg 26.28 15.84 3 11
3F_day(220).jpg 26.28 15.84 3 11
3F_day(221).jpg 34.2 23.4 3 12
3F_day(222).jpg 34.2 23.4 3 12
3F_day(223).jpg 34.2 23.4 3 12
3F_day(224).jpg 34.2 23.4 3 12
3F_day(225).jpg 34.2 23.4 3 12
3F_day(226).jpg 34.2 23.4 3 12
3F_day(227).jpg 34.2 23.4 3 12
3F_day(228).jpg 34.2 23.4 3 12
3F_day(229).jpg 34.2 23.4 3 12
3F_day(230).jpg 34.2 23.4 3 12
3F_day(231).jpg 34.2 23.4 3 12
3F_day(232).jpg 34.2 23.4 3 12
3F_day(233).jpg 34.2 23.4 3 12
3F_day(234).jpg 34.2 23.4 3 12
3F_day(235).jpg 34.2 23.4 3 12
3F_day(236).jpg 34.2 23.4 3 12
3F_day(237).jpg 34.2 23.4 3 12
3F_day(238).jpg 34.2 23.4 3 12
3F_day(239).jpg 34.2 23.4 3 12
3F_day(240).jpg 34.2 23.4 3 12
3F_day(241).jpg 33.12 30.6 3 13
3F_day(242).jpg 33.12 30.6 3 13
3F_day(243).jpg 33.12 30.6 3 13
3F_day(244).jpg 33.12 30.6 3 13
3F_day(245).jpg 33.12 30.6 3 13
3F_day(246).jpg 33.12 30.6 3 13
3F_day(247).jpg 33.12 30.6 3 13
3F_day(248).jpg 33.12 30.6 3 13
3F_day(249).jpg 33.12 30.6 3 13
3F_day(250).jpg 33.12 30.6 3 13
3F_day(251).jpg 33.12 30.6 3 13
3F_day(252).jpg 33.12 30.6 3 13
3F_day(253).jpg 33.12 30.6 3 13
3F_day(254).jpg 33.12 30.6 3 13
3F_day(255).jpg 33.12 30.6 3 13
3F_day(256).jpg 33.12 30.6 3 13
3F_day(257).jpg 33.12 30.6 3 13
3F_day(258).jpg 33.12 30.6 3 13
3F_day(259).jpg 33.12 30.6 3 13
3F_day(260).jpg 33.12 30.6 3 13
3F_day(261).jpg 31.68 34.92 3 14
3F_day(262).jpg 31.68 34.92 3 14
3F_day(263).jpg 31.68 34.92 3 14
3F_day(264).jpg 31.68 34.92 3 14
3F_day(265).jpg 31.68 34.92 3 14
3F_day(266).jpg 31.68 34.92 3 14
3F_day(267).jpg 31.68 34.92 3 14
3F_day(268).jpg 31.68 34.92 3 14
3F_day(269).jpg 31.68 34.92 3 14
3F_day(270).jpg 31.68 34.92 3 14
3F_day(271).jpg 31.68 34.92 3 14
3F_day(272).jpg 31.68 34.92 3 14
3F_day(273).jpg 31.68 34.92 3 14
3F_day(274).jpg 31.68 34.92 3 14
3F_day(275).jpg 31.68 34.92 3 14
3F_day(276).jpg 31.68 34.92 3 14
3F_day(277).jpg 31.68 34.92 3 14
3F_day(278).jpg 31.68 34.92 3 14
3F_day(279).jpg 31.68 34.92 3 14
3F_day(280).jpg 31.68 34.92 3 14
3F_day(281).jpg 30.6 40.32 3 15
3F_day(282).jpg 30.6 40.32 3 15
3F_day(283).jpg 30.6 40.32 3 15
3F_day(284).jpg 30.6 40.32 3 15
3F_day(285).jpg 30.6 40.32 3 15
3F_day(286).jpg 30.6 40.32 3 15
3F_day(287).jpg 30.6 40.32 3 15
3F_day(288).jpg 30.6 40.32 3 15
3F_day(289).jpg 30.6 40.32 3 15
3F_day(290).jpg 30.6 40.32 3 15
3F_day(291).jpg 30.6 40.32 3 15
3F_day(292).jpg 30.6 40.32 3 15
3F_day(293).jpg 30.6 40.32 3 15
3F_day(294).jpg 30.6 40.32 3 15
3F_day(295).jpg 30.6 40.32 3 15
3F_day(296).jpg 30.6 40.32 3 15
3F_day(297).jpg 30.6 40.32 3 15
3F_day(298).jpg 30.6 40.32 3 15
3F_day(299).jpg 30.6 40.32 3 15
3F_day(300).jpg 30.6 40.32 3 15
3F_day(301).jpg 29.52 47.88 3 16
3F_day(302).jpg 29.52 47.88 3 16
3F_day(303).jpg 29.52 47.88 3 16
3F_day(304).jpg 29.52 47.88 3 16
3F_day(305).jpg 29.52 47.88 3 16
3F_day(306).jpg 29.52 47.88 3 16
3F_day(307).jpg 29.52 47.88 3 16
3F_day(308).jpg 29.52 47.88 3 16
3F_day(309).jpg 29.52 47.88 3 16
3F_day(310).jpg 29.52 47.88 3 16
3F_day(311).jpg 29.52 47.88 3 16
3F_day(312).jpg 29.52 47.88 3 16
3F_day(313).jpg 29.52 47.88 3 16
3F_day(314).jpg 29.52 47.88 3 16
3F_day(315).jpg 29.52 47.88 3 16
3F_day(316).jpg 29.52 47.88 3 16
3F_day(317).jpg 29.52 47.88 3 16
3F_day(318).jpg 29.52 47.88 3 16
3F_day(319).jpg 29.52 47.88 3 16
3F_day(320).jpg 29.52 47.88 3 16
3F_day(321).jpg 28.08 55.8 3 17
3F_day(322).jpg 28.08 55.8 3 17
3F_day(323).jpg 28.08 55.8 3 17
3F_day(324).jpg 28.08 55.8 3 17
3F_day(325).jpg 28.08 55.8 3 17
3F_day(326).jpg 28.08 55.8 3 17
3F_day(327).jpg 28.08 55.8 3 17
3F_day(328).jpg 28.08 55.8 3 17
3F_day(329).jpg 28.08 55.8 3 17
3F_day(330).jpg 28.08 55.8 3 17
3F_day(331).jpg 28.08 55.8 3 17
3F_day(332).jpg 28.08 55.8 3 17
3F_day(333).jpg 28.08 55.8 3 17
3F_day(334).jpg 28.08 55.8 3 17
3F_day(335).jpg 28.08 55.8 3 17
3F_day(336).jpg 28.08 55.8 3 17
3F_day(337).jpg 28.08 55.8 3 17
3F_day(338).jpg 28.08 55.8 3 17
3F_day(339).jpg 28.08 55.8 3 17
3F_day(340).jpg 28.08 55.8 3 17
3F_day(341).jpg 26.64 64.44 3 18
3F_day(342).jpg 26.64 64.44 3 18
3F_day(343).jpg 26.64 64.44 3 18
3F_day(344).jpg 26.64 64.44 3 18
3F_day(345).jpg 26.64 64.44 3 18
3F_day(346).jpg 26.64 64.44 3 18
3F_day(347).jpg 26.64 64.44 3 18
3F_day(348).jpg 26.64 64.44 3 18
3F_day(349).jpg 26.64 64.44 3 18
3F_day(350).jpg 26.64 64.44 3 18
3F_day(351).jpg 26.64 64.44 3 18
3F_day(352).jpg 26.64 64.44 3 18
3F_day(353).jpg 26.64 64.44 3 18
3F_day(354).jpg 26.64 64.44 3 18
3F_day(355).jpg 26.64 64.44 3 18
3F_day(356).jpg 26.64 64.44 3 18
3F_day(357).jpg 26.64 64.44 3 18
3F_day(358).jpg 26.64 64.44 3 18
3F_day(359).jpg 26.64 64.44 3 18
3F_day(360).jpg 26.64 64.44 3 18
2F_night(1).jpg 0.0 0.0 2 1
2F_night(2).jpg 0.0 0.0 2 1
2F_night(3).jpg 0.0 0.0 2 1
2F_night(4).jpg 0.0 0.0 2 1
2F_night(5).jpg 0.0 0.0 2 1
2F_night(6).jpg 0.0 0.0 2 1
2F_night(7).jpg 0.0 0.0 2 1
2F_night(8).jpg 0.0 0.0 2 1
2F_night(9).jpg 0.0 0.0 2 1
2F_night(10).jpg 0.0 0.0 2 1
2F_night(11).jpg 0.0 0.0 2 1
2F_night(12).jpg 0.0 0.0 2 1
2F_night(13).jpg 0.0 0.0 2 1
2F_night(14).jpg 0.0 0.0 2 1
2F_night(15).jpg 0.0 0.0 2 1
2F_night(16).jpg 0.0 0.0 2 1
2F_night(17).jpg 0.0 0.0 2 1
2F_night(18).jpg 0.0 0.0 2 1
2F_night(19).jpg 0.0 0.0 2 1
2F_night(20).jpg 0.0 0.0 2 1
2F_night(21).jpg 0.0 10.8 2 2
2F_night(22).jpg 0.0 10.8 2 2
2F_night(23).jpg 0.0 10.8 2 2
2F_night(24).jpg 0.0 10.8 2 2
2F_night(25).jpg 0.0 10.8 2 2
2F_night(26).jpg 0.0 10.8 2 2
2F_night(27).jpg 0.0 10.8 2 2
2F_night(28).jpg 0.0 10.8 2 2
2F_night(29).jpg 0.0 10.8 2 2
2F_night(30).jpg 0.0 10.8 2 2
2F_night(31).jpg 0.0 10.8 2 2
2F_night(32).jpg 0.0 10.8 2 2
2F_night(33).jpg 0.0 10.8 2 2
2F_night(34).jpg 0.0 10.8 2 2
2F_night(35).jpg 0.0 10.8 2 2
2F_night(36).jpg 0.0 10.8 2 2
2F_night(37).jpg 0.0 10.8 2 2
2F_night(38).jpg 0.0 10.8 2 2
2F_night(39).jpg 0.0 10.8 2 2
2F_night(40).jpg 0.0 10.8 2 2
2F_night(41).jpg 0.0 23.94 2 3
2F_night(42).jpg 0.0 23.94 2 3
2F_night(43).jpg 0.0 23.94 2 3
2F_night(44).jpg 0.0 23.94 2 3
2F_night(45).jpg 0.0 23.94 2 3
2F_night(46).jpg 0.0 23.94 2 3
2F_night(47).jpg 0.0 23.94 2 3
2F_night(48).jpg 0.0 23.94 2 3
2F_night(49).jpg 0.0 23.94 2 3
2F_night(50).jpg 0.0 23.94 2 3
2F_night(51).jpg 0.0 23.94 2 3
2F_night(52).jpg 0.0 23.94 2 3
2F_night(53).jpg 0.0 23.94 2 3
2F_night(54).jpg 0.0 23.94 2 3
2F_night(55).jpg 0.0 23.94 2 3
2F_night(56).jpg 0.0 23.94 2 3
2F_night(57).jpg 0.0 23.94 2 3
2F_night(58).jpg 0.0 23.94 2 3
2F_night(59).jpg 0.0 23.94 2 3
2F_night(60).jpg 0.0 23.94 2 3
2F_night(61).jpg 0.0 27.54 2 4
2F_night(62).jpg 0.0 27.54 2 4
2F_night(63).jpg 0.0 27.54 2 4
2F_night(64).jpg 0.0 27.54 2 4
2F_night(65).jpg 0.0 27.54 2 4
2F_night(66).jpg 0.0 27.54 2 4
2F_night(67).jpg 0.0 27.54 2 4
2F_night(68).jpg 0.0 27.54 2 4
2F_night(69).jpg 0.0 27.54 2 4
2F_night(70).jpg 0.0 27.54 2 4
2F_night(71).jpg 0.0 27.54 2 4
2F_night(72).jpg 0.0 27.54 2 4
2F_night(73).jpg 0.0 27.54 2 4
2F_night(74).jpg 0.0 27.54 2 4
2F_night(75).jpg 0.0 27.54 2 4
2F_night(76).jpg 0.0 27.54 2 4
2F_night(77).jpg 0.0 27.54 2 4
2F_night(78).jpg 0.0 27.54 2 4
2F_night(79).jpg 0.0 27.54 2 4
2F_night(80).jpg 0.0 27.54 2 4
2F_night(81).jpg 0.0 31.14 2 5
2F_night(82).jpg 0.0 31.14 2 5
2F_night(83).jpg 0.0 31.14 2 5
2F_night(84).jpg 0.0 31.14 2 5
2F_night(85).jpg 0.0 31.14 2 5
2F_night(86).jpg 0.0 31.14 2 5
2F_night(87).jpg 0.0 31.14 2 5
2F_night(88).jpg 0.0 31.14 2 5
2F_night(89).jpg 0.0 31.14 2 5
2F_night(90).jpg 0.0 31.14 2 5
2F_night(91).jpg 0.0 31.14 2 5
2F_night(92).jpg 0.0 31.14 2 5
2F_night(93).jpg 0.0 31.14 2 5
2F_night(94).jpg 0.0 31.14 2 5
2F_night(95).jpg 0.0 31.14 2 5
2F_night(96).jpg 0.0 31.14 2 5
2F_night(97).jpg 0.0 31.14 2 5
2F_night(98).jpg 0.0 31.14 2 5
2F_night(99).jpg 0.0 31.14 2 5
2F_night(100).jpg 0.0 31.14 2 5
2F_night(101).jpg 0.0 40.86 2 6
2F_night(102).jpg 0.0 40.86 2 6
2F_night(103).jpg 0.0 40.86 2 6
2F_night(104).jpg 0.0 40.86 2 6
2F_night(105).jpg 0.0 40.86 2 6
2F_night(106).jpg 0.0 40.86 2 6
2F_night(107).jpg 0.0 40.86 2 6
2F_night(108).jpg 0.0 40.86 2 6
2F_night(109).jpg 0.0 40.86 2 6
2F_night(110).jpg 0.0 40.86 2 6
2F_night(111).jpg 0.0 40.86 2 6
2F_night(112).jpg 0.0 40.86 2 6
2F_night(113).jpg 0.0 40.86 2 6
2F_night(114).jpg 0.0 40.86 2 6
2F_night(115).jpg 0.0 40.86 2 6
2F_night(116).jpg 0.0 40.86 2 6
2F_night(117).jpg 0.0 40.86 2 6
2F_night(118).jpg 0.0 40.86 2 6
2F_night(119).jpg 0.0 40.86 2 6
2F_night(120).jpg 0.0 40.86 2 6
2F_night(121).jpg 0.0 50.58 2 7
2F_night(122).jpg 0.0 50.58 2 7
2F_night(123).jpg 0.0 50.58 2 7
2F_night(124).jpg 0.0 50.58 2 7
2F_night(125).jpg 0.0 50.58 2 7
2F_night(126).jpg 0.0 50.58 2 7
2F_night(127).jpg 0.0 50.58 2 7
2F_night(128).jpg 0.0 50.58 2 7
2F_night(129).jpg 0.0 50.58 2 7
2F_night(130).jpg 0.0 50.58 2 7
2F_night(131).jpg 0.0 50.58 2 7
2F_night(132).jpg 0.0 50.58 2 7
2F_night(133).jpg 0.0 50.58 2 7
2F_night(134).jpg 0.0 50.58 2 7
2F_night(135).jpg 0.0 50.58 2 7
2F_night(136).jpg 0.0 50.58 2 7
2F_night(137).jpg 0.0 50.58 2 7
2F_night(138).jpg 0.0 50.58 2 7
2F_night(139).jpg 0.0 50.58 2 7
2F_night(140).jpg 0.0 50.58 2 7
2F_night(141).jpg 1.8 32.94 2 8
2F_night(142).jpg 1.8 32.94 2 8
2F_night(143).jpg 1.8 32.94 2 8
2F_night(144).jpg 1.8 32.94 2 8
2F_night(145).jpg 1.8 32.94 2 8
2F_night(146).jpg 1.8 32.94 2 8
2F_night(147).jpg 1.8 32.94 2 8
2F_night(148).jpg 1.8 32.94 2 8
2F_night(149).jpg 1.8 32.94 2 8
2F_night(150).jpg 1.8 32.94 2 8
2F_night(151).jpg 1.8 32.94 2 8
2F_night(152).jpg 1.8 32.94 2 8
2F_night(153).jpg 1.8 32.94 2 8
2F_night(154).jpg 1.8 32.94 2 8
2F_night(155).jpg 1.8 32.94 2 8
2F_night(156).jpg 1.8 32.94 2 8
2F_night(157).jpg 1.8 32.94 2 8
2F_night(158).jpg 1.8 32.94 2 8
2F_night(159).jpg 1.8 32.94 2 8
2F_night(160).jpg 1.8 32.94 2 8
2F_night(161).jpg 10.44 32.94 2 9
2F_night(162).jpg 10.44 32.94 2 9
2F_night(163).jpg 10.44 32.94 2 9
2F_night(164).jpg 10.44 32.94 2 9
2F_night(165).jpg 10.44 32.94 2 9
2F_night(166).jpg 10.44 32.94 2 9
2F_night(167).jpg 10.44 32.94 2 9
2F_night(168).jpg 10.44 32.94 2 9
2F_night(169).jpg 10.44 32.94 2 9
2F_night(170).jpg 10.44 32.94 2 9
2F_night(171).jpg 10.44 32.94 2 9
2F_night(172).jpg 10.44 32.94 2 9
2F_night(173).jpg 10.44 32.94 2 9
2F_night(174).jpg 10.44 32.94 2 9
2F_night(175).jpg 10.44 32.94 2 9
2F_night(176).jpg 10.44 32.94 2 9
2F_night(177).jpg 10.44 32.94 2 9
2F_night(178).jpg 10.44 32.94 2 9
2F_night(179).jpg 10.44 32.94 2 9
2F_night(180).jpg 10.44 32.94 2 9
2F_night(181).jpg 15.84 34.38 2 10
2F_night(182).jpg 15.84 34.38 2 10
2F_night(183).jpg 15.84 34.38 2 10
2F_night(184).jpg 15.84 34.38 2 10
2F_night(185).jpg 15.84 34.38 2 10
2F_night(186).jpg 15.84 34.38 2 10
2F_night(187).jpg 15.84 34.38 2 10
2F_night(188).jpg 15.84 34.38 2 10
2F_night(189).jpg 15.84 34.38 2 10
2F_night(190).jpg 15.84 34.38 2 10
2F_night(191).jpg 15.84 34.38 2 10
2F_night(192).jpg 15.84 34.38 2 10
2F_night(193).jpg 15.84 34.38 2 10
2F_night(194).jpg 15.84 34.38 2 10
2F_night(195).jpg 15.84 34.38 2 10
2F_night(196).jpg 15.84 34.38 2 10
2F_night(197).jpg 15.84 34.38 2 10
2F_night(198).jpg 15.84 34.38 2 10
2F_night(199).jpg 15.84 34.38 2 10
2F_night(200).jpg 15.84 34.38 2 10
2F_night(201).jpg 26.28 15.84 2 11
2F_night(202).jpg 26.28 15.84 2 11
2F_night(203).jpg 26.28 15.84 2 11
2F_night(204).jpg 26.28 15.84 2 11
2F_night(205).jpg 26.28 15.84 2 11
2F_night(206).jpg 26.28 15.84 2 11
2F_night(207).jpg 26.28 15.84 2 11
2F_night(208).jpg 26.28 15.84 2 11
2F_night(209).jpg 26.28 15.84 2 11
2F_night(210).jpg 26.28 15.84 2 11
2F_night(211).jpg 26.28 15.84 2 11
2F_night(212).jpg 26.28 15.84 2 11
2F_night(213).jpg 26.28 15.84 2 11
2F_night(214).jpg 26.28 15.84 2 11
2F_night(215).jpg 26.28 15.84 2 11
2F_night(216).jpg 26.28 15.84 2 11
2F_night(217).jpg 26.28 15.84 2 11
2F_night(218).jpg 26.28 15.84 2 11
2F_night(219).jpg 26.28 15.84 2 11
2F_night(220).jpg 26.28 15.84 2 11
2F_night(221).jpg 34.2 23.4 2 12
2F_night(222).jpg 34.2 23.4 2 12
2F_night(223).jpg 34.2 23.4 2 12
2F_night(224).jpg 34.2 23.4 2 12
2F_night(225).jpg 34.2 23.4 2 12
2F_night(226).jpg 34.2 23.4 2 12
2F_night(227).jpg 34.2 23.4 2 12
2F_night(228).jpg 34.2 23.4 2 12
2F_night(229).jpg 34.2 23.4 2 12
2F_night(230).jpg 34.2 23.4 2 12
2F_night(231).jpg 34.2 23.4 2 12
2F_night(232).jpg 34.2 23.4 2 12
2F_night(233).jpg 34.2 23.4 2 12
2F_night(234).jpg 34.2 23.4 2 12
2F_night(235).jpg 34.2 23.4 2 12
2F_night(236).jpg 34.2 23.4 2 12
2F_night(237).jpg 34.2 23.4 2 12
2F_night(238).jpg 34.2 23.4 2 12
2F_night(239).jpg 34.2 23.4 2 12
2F_night(240).jpg 34.2 23.4 2 12
2F_night(241).jpg 33.12 30.6 2 13
2F_night(242).jpg 33.12 30.6 2 13
2F_night(243).jpg 33.12 30.6 2 13
2F_night(244).jpg 33.12 30.6 2 13
2F_night(245).jpg 33.12 30.6 2 13
2F_night(246).jpg 33.12 30.6 2 13
2F_night(247).jpg 33.12 30.6 2 13
2F_night(248).jpg 33.12 30.6 2 13
2F_night(249).jpg 33.12 30.6 2 13
2F_night(250).jpg 33.12 30.6 2 13
2F_night(251).jpg 33.12 30.6 2 13
2F_night(252).jpg 33.12 30.6 2 13
2F_night(253).jpg 33.12 30.6 2 13
2F_night(254).jpg 33.12 30.6 2 13
2F_night(255).jpg 33.12 30.6 2 13
2F_night(256).jpg 33.12 30.6 2 13
2F_night(257).jpg 33.12 30.6 2 13
2F_night(258).jpg 33.12 30.6 2 13
2F_night(259).jpg 33.12 30.6 2 13
2F_night(260).jpg 33.12 30.6 2 13
2F_night(261).jpg 31.68 34.92 2 14
2F_night(262).jpg 31.68 34.92 2 14
2F_night(263).jpg 31.68 34.92 2 14
2F_night(264).jpg 31.68 34.92 2 14
2F_night(265).jpg 31.68 34.92 2 14
2F_night(266).jpg 31.68 34.92 2 14
2F_night(267).jpg 31.68 34.92 2 14
2F_night(268).jpg 31.68 34.92 2 14
2F_night(269).jpg 31.68 34.92 2 14
2F_night(270).jpg 31.68 34.92 2 14
2F_night(271).jpg 31.68 34.92 2 14
2F_night(272).jpg 31.68 34.92 2 14
2F_night(273).jpg 31.68 34.92 2 14
2F_night(274).jpg 31.68 34.92 2 14
2F_night(275).jpg 31.68 34.92 2 14
2F_night(276).jpg 31.68 34.92 2 14
2F_night(277).jpg 31.68 34.92 2 14
2F_night(278).jpg 31.68 34.92 2 14
2F_night(279).jpg 31.68 34.92 2 14
2F_night(280).jpg 31.68 34.92 2 14
2F_night(281).jpg 30.6 40.32 2 15
2F_night(282).jpg 30.6 40.32 2 15
2F_night(283).jpg 30.6 40.32 2 15
2F_night(284).jpg 30.6 40.32 2 15
2F_night(285).jpg 30.6 40.32 2 15
2F_night(286).jpg 30.6 40.32 2 15
2F_night(287).jpg 30.6 40.32 2 15
2F_night(288).jpg 30.6 40.32 2 15
2F_night(289).jpg 30.6 40.32 2 15
2F_night(290).jpg 30.6 40.32 2 15
2F_night(291).jpg 30.6 40.32 2 15
2F_night(292).jpg 30.6 40.32 2 15
2F_night(293).jpg 30.6 40.32 2 15
2F_night(294).jpg 30.6 40.32 2 15
2F_night(295).jpg 30.6 40.32 2 15
2F_night(296).jpg 30.6 40.32 2 15
2F_night(297).jpg 30.6 40.32 2 15
2F_night(298).jpg 30.6 40.32 2 15
2F_night(299).jpg 30.6 40.32 2 15
2F_night(300).jpg 30.6 40.32 2 15
2F_night(301).jpg 29.52 47.88 2 16
2F_night(302).jpg 29.52 47.88 2 16
2F_night(303).jpg 29.52 47.88 2 16
2F_night(304).jpg 29.52 47.88 2 16
2F_night(305).jpg 29.52 47.88 2 16
2F_night(306).jpg 29.52 47.88 2 16
2F_night(307).jpg 29.52 47.88 2 16
2F_night(308).jpg 29.52 47.88 2 16
2F_night(309).jpg 29.52 47.88 2 16
2F_night(310).jpg 29.52 47.88 2 16
2F_night(311).jpg 29.52 47.88 2 16
2F_night(312).jpg 29.52 47.88 2 16
2F_night(313).jpg 29.52 47.88 2 16
2F_night(314).jpg 29.52 47.88 2 16
2F_night(315).jpg 29.52 47.88 2 16
2F_night(316).jpg 29.52 47.88 2 16
2F_night(317).jpg 29.52 47.88 2 16
2F_night(318).jpg 29.52 47.88 2 16
2F_night(319).jpg 29.52 47.88 2 16
2F_night(320).jpg 29.52 47.88 2 16
2F_night(321).jpg 28.08 55.8 2 17
2F_night(322).jpg 28.08 55.8 2 17
2F_night(323).jpg 28.08 55.8 2 17
2F_night(324).jpg 28.08 55.8 2 17
2F_night(325).jpg 28.08 55.8 2 17
2F_night(326).jpg 28.08 55.8 2 17
2F_night(327).jpg 28.08 55.8 2 17
2F_night(328).jpg 28.08 55.8 2 17
2F_night(329).jpg 28.08 55.8 2 17
2F_night(330).jpg 28.08 55.8 2 17
2F_night(331).jpg 28.08 55.8 2 17
2F_night(332).jpg 28.08 55.8 2 17
2F_night(333).jpg 28.08 55.8 2 17
2F_night(334).jpg 28.08 55.8 2 17
2F_night(335).jpg 28.08 55.8 2 17
2F_night(336).jpg 28.08 55.8 2 17
2F_night(337).jpg 28.08 55.8 2 17
2F_night(338).jpg 28.08 55.8 2 17
2F_night(339).jpg 28.08 55.8 2 17
2F_night(340).jpg 28.08 55.8 2 17
2F_night(341).jpg 26.64 64.44 2 18
2F_night(342).jpg 26.64 64.44 2 18
2F_night(343).jpg 26.64 64.44 2 18
2F_night(344).jpg 26.64 64.44 2 18
2F_night(345).jpg 26.64 64.44 2 18
2F_night(346).jpg 26.64 64.44 2 18
2F_night(347).jpg 26.64 64.44 2 18
2F_night(348).jpg 26.64 64.44 2 18
2F_night(349).jpg 26.64 64.44 2 18
2F_night(350).jpg 26.64 64.44 2 18
2F_night(351).jpg 26.64 64.44 2 18
2F_night(352).jpg 26.64 64.44 2 18
2F_night(353).jpg 26.64 64.44 2 18
2F_night(354).jpg 26.64 64.44 2 18
2F_night(355).jpg 26.64 64.44 2 18
2F_night(356).jpg 26.64 64.44 2 18
2F_night(357).jpg 26.64 64.44 2 18
2F_night(358).jpg 26.64 64.44 2 18
2F_night(359).jpg 26.64 64.44 2 18
2F_night(360).jpg 26.64 64.44 2 18
3F_night(1).jpg 0.0 0.0 3 1
3F_night(2).jpg 0.0 0.0 3 1
3F_night(3).jpg 0.0 0.0 3 1
3F_night(4).jpg 0.0 0.0 3 1
3F_night(5).jpg 0.0 0.0 3 1
3F_night(6).jpg 0.0 0.0 3 1
3F_night(7).jpg 0.0 0.0 3 1
3F_night(8).jpg 0.0 0.0 3 1
3F_night(9).jpg 0.0 0.0 3 1
3F_night(10).jpg 0.0 0.0 3 1
3F_night(11).jpg 0.0 0.0 3 1
3F_night(12).jpg 0.0 0.0 3 1
3F_night(13).jpg 0.0 0.0 3 1
3F_night(14).jpg 0.0 0.0 3 1
3F_night(15).jpg 0.0 0.0 3 1
3F_night(16).jpg 0.0 0.0 3 1
3F_night(17).jpg 0.0 0.0 3 1
3F_night(18).jpg 0.0 0.0 3 1
3F_night(19).jpg 0.0 0.0 3 1
3F_night(20).jpg 0.0 0.0 3 1
3F_night(21).jpg 0.0 10.8 3 2
3F_night(22).jpg 0.0 10.8 3 2
3F_night(23).jpg 0.0 10.8 3 2
3F_night(24).jpg 0.0 10.8 3 2
3F_night(25).jpg 0.0 10.8 3 2
3F_night(26).jpg 0.0 10.8 3 2
3F_night(27).jpg 0.0 10.8 3 2
3F_night(28).jpg 0.0 10.8 3 2
3F_night(29).jpg 0.0 10.8 3 2
3F_night(30).jpg 0.0 10.8 3 2
3F_night(31).jpg 0.0 10.8 3 2
3F_night(32).jpg 0.0 10.8 3 2
3F_night(33).jpg 0.0 10.8 3 2
3F_night(34).jpg 0.0 10.8 3 2
3F_night(35).jpg 0.0 10.8 3 2
3F_night(36).jpg 0.0 10.8 3 2
3F_night(37).jpg 0.0 10.8 3 2
3F_night(38).jpg 0.0 10.8 3 2
3F_night(39).jpg 0.0 10.8 3 2
3F_night(40).jpg 0.0 10.8 3 2
3F_night(41).jpg 0.0 23.94 3 3
3F_night(42).jpg 0.0 23.94 3 3
3F_night(43).jpg 0.0 23.94 3 3
3F_night(44).jpg 0.0 23.94 3 3
3F_night(45).jpg 0.0 23.94 3 3
3F_night(46).jpg 0.0 23.94 3 3
3F_night(47).jpg 0.0 23.94 3 3
3F_night(48).jpg 0.0 23.94 3 3
3F_night(49).jpg 0.0 23.94 3 3
3F_night(50).jpg 0.0 23.94 3 3
3F_night(51).jpg 0.0 23.94 3 3
3F_night(52).jpg 0.0 23.94 3 3
3F_night(53).jpg 0.0 23.94 3 3
3F_night(54).jpg 0.0 23.94 3 3
3F_night(55).jpg 0.0 23.94 3 3
3F_night(56).jpg 0.0 23.94 3 3
3F_night(57).jpg 0.0 23.94 3 3
3F_night(58).jpg 0.0 23.94 3 3
3F_night(59).jpg 0.0 23.94 3 3
3F_night(60).jpg 0.0 23.94 3 3
3F_night(61).jpg 0.0 27.54 3 4
3F_night(62).jpg 0.0 27.54 3 4
3F_night(63).jpg 0.0 27.54 3 4
3F_night(64).jpg 0.0 27.54 3 4
3F_night(65).jpg 0.0 27.54 3 4
3F_night(66).jpg 0.0 27.54 3 4
3F_night(67).jpg 0.0 27.54 3 4
3F_night(68).jpg 0.0 27.54 3 4
3F_night(69).jpg 0.0 27.54 3 4
3F_night(70).jpg 0.0 27.54 3 4
3F_night(71).jpg 0.0 27.54 3 4
3F_night(72).jpg 0.0 27.54 3 4
3F_night(73).jpg 0.0 27.54 3 4
3F_night(74).jpg 0.0 27.54 3 4
3F_night(75).jpg 0.0 27.54 3 4
3F_night(76).jpg 0.0 27.54 3 4
3F_night(77).jpg 0.0 27.54 3 4
3F_night(78).jpg 0.0 27.54 3 4
3F_night(79).jpg 0.0 27.54 3 4
3F_night(80).jpg 0.0 27.54 3 4
3F_night(81).jpg 0.0 31.14 3 5
3F_night(82).jpg 0.0 31.14 3 5
3F_night(83).jpg 0.0 31.14 3 5
3F_night(84).jpg 0.0 31.14 3 5
3F_night(85).jpg 0.0 31.14 3 5
3F_night(86).jpg 0.0 31.14 3 5
3F_night(87).jpg 0.0 31.14 3 5
3F_night(88).jpg 0.0 31.14 3 5
3F_night(89).jpg 0.0 31.14 3 5
3F_night(90).jpg 0.0 31.14 3 5
3F_night(91).jpg 0.0 31.14 3 5
3F_night(92).jpg 0.0 31.14 3 5
3F_night(93).jpg 0.0 31.14 3 5
3F_night(94).jpg 0.0 31.14 3 5
3F_night(95).jpg 0.0 31.14 3 5
3F_night(96).jpg 0.0 31.14 3 5
3F_night(97).jpg 0.0 31.14 3 5
3F_night(98).jpg 0.0 31.14 3 5
3F_night(99).jpg 0.0 31.14 3 5
3F_night(100).jpg 0.0 31.14 3 5
3F_night(101).jpg 0.0 40.86 3 6
3F_night(102).jpg 0.0 40.86 3 6
3F_night(103).jpg 0.0 40.86 3 6
3F_night(104).jpg 0.0 40.86 3 6
3F_night(105).jpg 0.0 40.86 3 6
3F_night(106).jpg 0.0 40.86 3 6
3F_night(107).jpg 0.0 40.86 3 6
3F_night(108).jpg 0.0 40.86 3 6
3F_night(109).jpg 0.0 40.86 3 6
3F_night(110).jpg 0.0 40.86 3 6
3F_night(111).jpg 0.0 40.86 3 6
3F_night(112).jpg 0.0 40.86 3 6
3F_night(113).jpg 0.0 40.86 3 6
3F_night(114).jpg 0.0 40.86 3 6
3F_night(115).jpg 0.0 40.86 3 6
3F_night(116).jpg 0.0 40.86 3 6
3F_night(117).jpg 0.0 40.86 3 6
3F_night(118).jpg 0.0 40.86 3 6
3F_night(119).jpg 0.0 40.86 3 6
3F_night(120).jpg 0.0 40.86 3 6
3F_night(121).jpg 0.0 50.58 3 7
3F_night(122).jpg 0.0 50.58 3 7
3F_night(123).jpg 0.0 50.58 3 7
3F_night(124).jpg 0.0 50.58 3 7
3F_night(125).jpg 0.0 50.58 3 7
3F_night(126).jpg 0.0 50.58 3 7
3F_night(127).jpg 0.0 50.58 3 7
3F_night(128).jpg 0.0 50.58 3 7
3F_night(129).jpg 0.0 50.58 3 7
3F_night(130).jpg 0.0 50.58 3 7
3F_night(131).jpg 0.0 50.58 3 7
3F_night(132).jpg 0.0 50.58 3 7
3F_night(133).jpg 0.0 50.58 3 7
3F_night(134).jpg 0.0 50.58 3 7
3F_night(135).jpg 0.0 50.58 3 7
3F_night(136).jpg 0.0 50.58 3 7
3F_night(137).jpg 0.0 50.58 3 7
3F_night(138).jpg 0.0 50.58 3 7
3F_night(139).jpg 0.0 50.58 3 7
3F_night(140).jpg 0.0 50.58 3 7
3F_night(141).jpg 1.8 32.94 3 8
3F_night(142).jpg 1.8 32.94 3 8
3F_night(143).jpg 1.8 32.94 3 8
3F_night(144).jpg 1.8 32.94 3 8
3F_night(145).jpg 1.8 32.94 3 8
3F_night(146).jpg 1.8 32.94 3 8
3F_night(147).jpg 1.8 32.94 3 8
3F_night(148).jpg 1.8 32.94 3 8
3F_night(149).jpg 1.8 32.94 3 8
3F_night(150).jpg 1.8 32.94 3 8
3F_night(151).jpg 1.8 32.94 3 8
3F_night(152).jpg 1.8 32.94 3 8
3F_night(153).jpg 1.8 32.94 3 8
3F_night(154).jpg 1.8 32.94 3 8
3F_night(155).jpg 1.8 32.94 3 8
3F_night(156).jpg 1.8 32.94 3 8
3F_night(157).jpg 1.8 32.94 3 8
3F_night(158).jpg 1.8 32.94 3 8
3F_night(159).jpg 1.8 32.94 3 8
3F_night(160).jpg 1.8 32.94 3 8
3F_night(161).jpg 10.44 32.94 3 9
3F_night(162).jpg 10.44 32.94 3 9
3F_night(163).jpg 10.44 32.94 3 9
3F_night(164).jpg 10.44 32.94 3 9
3F_night(165).jpg 10.44 32.94 3 9
3F_night(166).jpg 10.44 32.94 3 9
3F_night(167).jpg 10.44 32.94 3 9
3F_night(168).jpg 10.44 32.94 3 9
3F_night(169).jpg 10.44 32.94 3 9
3F_night(170).jpg 10.44 32.94 3 9
3F_night(171).jpg 10.44 32.94 3 9
3F_night(172).jpg 10.44 32.94 3 9
3F_night(173).jpg 10.44 32.94 3 9
3F_night(174).jpg 10.44 32.94 3 9
3F_night(175).jpg 10.44 32.94 3 9
3F_night(176).jpg 10.44 32.94 3 9
3F_night(177).jpg 10.44 32.94 3 9
3F_night(178).jpg 10.44 32.94 3 9
3F_night(179).jpg 10.44 32.94 3 9
3F_night(180).jpg 10.44 32.94 3 9
3F_night(181).jpg 15.84 34.38 3 10
3F_night(182).jpg 15.84 34.38 3 10
3F_night(183).jpg 15.84 34.38 3 10
3F_night(184).jpg 15.84 34.38 3 10
3F_night(185).jpg 15.84 34.38 3 10
3F_night(186).jpg 15.84 34.38 3 10
3F_night(187).jpg 15.84 34.38 3 10
3F_night(188).jpg 15.84 34.38 3 10
3F_night(189).jpg 15.84 34.38 3 10
3F_night(190).jpg 15.84 34.38 3 10
3F_night(191).jpg 15.84 34.38 3 10
3F_night(192).jpg 15.84 34.38 3 10
3F_night(193).jpg 15.84 34.38 3 10
3F_night(194).jpg 15.84 34.38 3 10
3F_night(195).jpg 15.84 34.38 3 10
3F_night(196).jpg 15.84 34.38 3 10
3F_night(197).jpg 15.84 34.38 3 10
3F_night(198).jpg 15.84 34.38 3 10
3F_night(199).jpg 15.84 34.38 3 10
3F_night(200).jpg 15.84 34.38 3 10
3F_night(201).jpg 26.28 15.84 3 11
3F_night(202).jpg 26.28 15.84 3 11
3F_night(203).jpg 26.28 15.84 3 11
3F_night(204).jpg 26.28 15.84 3 11
3F_night(205).jpg 26.28 15.84 3 11
3F_night(206).jpg 26.28 15.84 3 11
3F_night(207).jpg 26.28 15.84 3 11
3F_night(208).jpg 26.28 15.84 3 11
3F_night(209).jpg 26.28 15.84 3 11
3F_night(210).jpg 26.28 15.84 3 11
3F_night(211).jpg 26.28 15.84 3 11
3F_night(212).jpg 26.28 15.84 3 11
3F_night(213).jpg 26.28 15.84 3 11
3F_night(214).jpg 26.28 15.84 3 11
3F_night(215).jpg 26.28 15.84 3 11
3F_night(216).jpg 26.28 15.84 3 11
3F_night(217).jpg 26.28 15.84 3 11
3F_night(218).jpg 26.28 15.84 3 11
3F_night(219).jpg 26.28 15.84 3 11
3F_night(220).jpg 26.28 15.84 3 11
3F_night(221).jpg 34.2 23.4 3 12
3F_night(222).jpg 34.2 23.4 3 12
3F_night(223).jpg 34.2 23.4 3 12
3F_night(224).jpg 34.2 23.4 3 12
3F_night(225).jpg 34.2 23.4 3 12
3F_night(226).jpg 34.2 23.4 3 12
3F_night(227).jpg 34.2 23.4 3 12
3F_night(228).jpg 34.2 23.4 3 12
3F_night(229).jpg 34.2 23.4 3 12
3F_night(230).jpg 34.2 23.4 3 12
3F_night(231).jpg 34.2 23.4 3 12
3F_night(232).jpg 34.2 23.4 3 12
3F_night(233).jpg 34.2 23.4 3 12
3F_night(234).jpg 34.2 23.4 3 12
3F_night(235).jpg 34.2 23.4 3 12
3F_night(236).jpg 34.2 23.4 3 12
3F_night(237).jpg 34.2 23.4 3 12
3F_night(238).jpg 34.2 23.4 3 12
3F_night(239).jpg 34.2 23.4 3 12
3F_night(240).jpg 34.2 23.4 3 12
3F_night(241).jpg 33.12 30.6 3 13
3F_night(242).jpg 33.12 30.6 3 13
3F_night(243).jpg 33.12 30.6 3 13
3F_night(244).jpg 33.12 30.6 3 13
3F_night(245).jpg 33.12 30.6 3 13
3F_night(246).jpg 33.12 30.6 3 13
3F_night(247).jpg 33.12 30.6 3 13
3F_night(248).jpg 33.12 30.6 3 13
3F_night(249).jpg 33.12 30.6 3 13
3F_night(250).jpg 33.12 30.6 3 13
3F_night(251).jpg 33.12 30.6 3 13
3F_night(252).jpg 33.12 30.6 3 13
3F_night(253).jpg 33.12 30.6 3 13
3F_night(254).jpg 33.12 30.6 3 13
3F_night(255).jpg 33.12 30.6 3 13
3F_night(256).jpg 33.12 30.6 3 13
3F_night(257).jpg 33.12 30.6 3 13
3F_night(258).jpg 33.12 30.6 3 13
3F_night(259).jpg 33.12 30.6 3 13
3F_night(260).jpg 33.12 30.6 3 13
3F_night(261).jpg 31.68 34.92 3 14
3F_night(262).jpg 31.68 34.92 3 14
3F_night(263).jpg 31.68 34.92 3 14
3F_night(264).jpg 31.68 34.92 3 14
3F_night(265).jpg 31.68 34.92 3 14
3F_night(266).jpg 31.68 34.92 3 14
3F_night(267).jpg 31.68 34.92 3 14
3F_night(268).jpg 31.68 34.92 3 14
3F_night(269).jpg 31.68 34.92 3 14
3F_night(270).jpg 31.68 34.92 3 14
3F_night(271).jpg 31.68 34.92 3 14
3F_night(272).jpg 31.68 34.92 3 14
3F_night(273).jpg 31.68 34.92 3 14
3F_night(274).jpg 31.68 34.92 3 14
3F_night(275).jpg 31.68 34.92 3 14
3F_night(276).jpg 31.68 34.92 3 14
3F_night(277).jpg 31.68 34.92 3 14
3F_night(278).jpg 31.68 34.92 3 14
3F_night(279).jpg 31.68 34.92 3 14
3F_night(280).jpg 31.68 34.92 3 14
3F_night(281).jpg 30.6 40.32 3 15
3F_night(282).jpg 30.6 40.32 3 15
3F_night(283).jpg 30.6 40.32 3 15
3F_night(284).jpg 30.6 40.32 3 15
3F_night(285).jpg 30.6 40.32 3 15
3F_night(286).jpg 30.6 40.32 3 15
3F_night(287).jpg 30.6 40.32 3 15
3F_night(288).jpg 30.6 40.32 3 15
3F_night(289).jpg 30.6 40.32 3 15
3F_night(290).jpg 30.6 40.32 3 15
3F_night(291).jpg 30.6 40.32 3 15
3F_night(292).jpg 30.6 40.32 3 15
3F_night(293).jpg 30.6 40.32 3 15
3F_night(294).jpg 30.6 40.32 3 15
3F_night(295).jpg 30.6 40.32 3 15
3F_night(296).jpg 30.6 40.32 3 15
3F_night(297).jpg 30.6 40.32 3 15
3F_night(298).jpg 30.6 40.32 3 15
3F_night(299).jpg 30.6 40.32 3 15
3F_night(300).jpg 30.6 40.32 3 15
3F_night(301).jpg 29.52 47.88 3 16
3F_night(302).jpg 29.52 47.88 3 16
3F_night(303).jpg 29.52 47.88 3 16
3F_night(304).jpg 29.52 47.88 3 16
3F_night(305).jpg 29.52 47.88 3 16
3F_night(306).jpg 29.52 47.88 3 16
3F_night(307).jpg 29.52 47.88 3 16
3F_night(308).jpg 29.52 47.88 3 16
3F_night(309).jpg 29.52 47.88 3 16
3F_night(310).jpg 29.52 47.88 3 16
3F_night(311).jpg 29.52 47.88 3 16
3F_night(312).jpg 29.52 47.88 3 16
3F_night(313).jpg 29.52 47.88 3 16
3F_night(314).jpg 29.52 47.88 3 16
3F_night(315).jpg 29.52 47.88 3 16
3F_night(316).jpg 29.52 47.88 3 16
3F_night(317).jpg 29.52 47.88 3 16
3F_night(318).jpg 29.52 47.88 3 16
3F_night(319).jpg 29.52 47.88 3 16
3F_night(320).jpg 29.52 47.88 3 16
3F_night(321).jpg 28.08 55.8 3 17
3F_night(322).jpg 28.08 55.8 3 17
3F_night(323).jpg 28.08 55.8 3 17
3F_night(324).jpg 28.08 55.8 3 17
3F_night(325).jpg 28.08 55.8 3 17
3F_night(326).jpg 28.08 55.8 3 17
3F_night(327).jpg 28.08 55.8 3 17
3F_night(328).jpg 28.08 55.8 3 17
3F_night(329).jpg 28.08 55.8 3 17
3F_night(330).jpg 28.08 55.8 3 17
3F_night(331).jpg 28.08 55.8 3 17
3F_night(332).jpg 28.08 55.8 3 17
3F_night(333).jpg 28.08 55.8 3 17
3F_night(334).jpg 28.08 55.8 3 17
3F_night(335).jpg 28.08 55.8 3 17
3F_night(336).jpg 28.08 55.8 3 17
3F_night(337).jpg 28.08 55.8 3 17
3F_night(338).jpg 28.08 55.8 3 17
3F_night(339).jpg 28.08 55.8 3 17
3F_night(340).jpg 28.08 55.8 3 17
3F_night(341).jpg 26.64 64.44 3 18
3F_night(342).jpg 26.64 64.44 3 18
3F_night(343).jpg 26.64 64.44 3 18
3F_night(344).jpg 26.64 64.44 3 18
3F_night(345).jpg 26.64 64.44 3 18
3F_night(346).jpg 26.64 64.44 3 18
3F_night(347).jpg 26.64 64.44 3 18
3F_night(348).jpg 26.64 64.44 3 18
3F_night(349).jpg 26.64 64.44 3 18
3F_night(350).jpg 26.64 64.44 3 18
3F_night(351).jpg 26.64 64.44 3 18
3F_night(352).jpg 26.64 64.44 3 18
3F_night(353).jpg 26.64 64.44 3 18
3F_night(354).jpg 26.64 64.44 3 18
3F_night(355).jpg 26.64 64.44 3 18
3F_night(356).jpg 26.64 64.44 3 18
3F_night(357).jpg 26.64 64.44 3 18
3F_night(358).jpg 26.64 64.44 3 18
3F_night(359).jpg 26.64 64.44 3 18
3F_night(360).jpg 26.64 64.44 3 18
